旺旺QQ可乐软糖
1287
6.2
0
69.5

上好佳嗲得薯片
2026.464
6.6
20.000
68.667

上好佳水果硬糖
1606.7
0
0
94.67

上好佳汉堡球
2223.111
6.333
27.667
63.666

上好佳牛奶小饼
1929.091
7.818
14.545
73.273

上好佳玉米卷
2196.447
1.666
27.331
67.327

上好佳鲜虾条
1776.7
7.0
9.667
75.99

上好佳鲜虾片
1993.134
7.0
21.333
62.660

口水娃兰花豆
2366
17.8
37.4
399.9

咪咪虾条
2200
8.0
32.0
52.0

奇多干杯脆
1148
5.2
34
56.4

旺仔QQ糖
1283.549
6.10
0
69.30

旺旺雪饼
2009.878
4.40
18.50
74.00

果粒橙
170
0
0
9.7

星球杯
2333.026
3.4
33.7
60.40

喜之郎果冻
300.125
0
0
13.00

香蕉
389.3
1.40
0.20
20.80

雪碧
191.084
0
0
11.00

亲嘴烧
1506.655
9.50
14.50
47.60

hackinit
0
0
0
0
